49.291
58.046
48.485
60.756
42.727
37.354
61.445
43.268
46.295
49.895
50.801
60.150
58.167
58.255
60.573
54.564
60.357
61.806
61.230
62.431
65.020
69.093
63.768
70.493
67.321
74.729
70.461
72.625
73.766
74.015
77.123
81.117
81.381
79.232
81.270
82.040
80.118
80.428
80.049
78.770
79.340
81.605
80.052
82.171
81.536
80.837
81.792
81.378
82.780
82.345
82.188
82.574
82.156
81.313
82.550
81.499
81.888
83.024
84.366
83.465
83.312
85.246
86.039
85.981
87.332
87.498
89.234
88.193
90.192
91.852
90.721
91.352
92.387
91.983
92.484
93.449
93.136
93.873
93.183
93.763